instancias/10_1_100_1000.txt;803;0.00;803;0.00;803.00;0.00
instancias/10_2_100_1000.txt;308;0.00;308;0.00;308.00;0.00
instancias/10_3_100_1000.txt;595;0.00;595;0.00;595.00;0.00
instancias/10_4_100_1000.txt;767;0.00;767;0.00;767.00;0.00
instancias/10_5_100_1000.txt;535;0.02;543;0.00;539.00;0.00
instancias/10_6_100_1000.txt;561;0.02;561;0.02;561.00;0.00
instancias/10_7_100_1000.txt;811;0.01;940;0.00;835.00;0.00
instancias/10_8_100_1000.txt;694;0.01;694;0.01;694.00;0.00
instancias/10_9_100_1000.txt;636;0.00;673;0.00;644.00;0.00
instancias/10_10_100_1000.txt;410;0.00;410;0.00;410.00;0.00
instancias/12_1_100_1000.txt;1116;0.00;1221;0.02;1117.00;0.01
instancias/12_2_100_1000.txt;1140;0.00;1140;0.00;1140.00;0.01
instancias/12_3_100_1000.txt;915;0.02;944;0.02;926.00;0.01
instancias/12_4_100_1000.txt;592;0.00;599;0.00;594.00;0.01
instancias/12_5_100_1000.txt;1178;0.02;1197;0.00;1188.00;0.01
instancias/12_6_100_1000.txt;1031;0.00;1117;0.00;1038.00;0.01
instancias/12_7_100_1000.txt;982;0.02;1071;0.00;989.00;0.01
instancias/12_8_100_1000.txt;575;0.02;646;0.00;580.00;0.01
instancias/12_9_100_1000.txt;1032;0.01;1095;0.00;1032.00;0.01
instancias/12_10_100_1000.txt;899;0.02;899;0.02;899.00;0.01
instancias/15_1_100_1000.txt;1066;0.02;1166;0.01;1102.00;0.02
instancias/15_2_100_1000.txt;643;0.02;715;0.02;648.00;0.02
instancias/15_3_100_1000.txt;685;0.01;760;0.03;707.00;0.02
instancias/15_4_100_1000.txt;781;0.02;847;0.01;789.00;0.02
instancias/15_5_100_1000.txt;945;0.03;1123;0.02;992.00;0.02
instancias/15_6_100_1000.txt;1121;0.01;1175;0.02;1130.00;0.02
instancias/15_7_100_1000.txt;944;0.02;1038;0.03;970.00;0.02
instancias/15_8_100_1000.txt;1273;0.01;1414;0.02;1305.00;0.02
instancias/15_9_100_1000.txt;1032;0.01;1163;0.02;1049.00;0.02
instancias/15_10_100_1000.txt;1170;0.02;1170;0.02;1170.00;0.02
instancias/20_1_100_1000.txt;1345;0.05;1569;0.06;1394.00;0.05
instancias/20_2_100_1000.txt;1083;0.05;1320;0.05;1164.00;0.05
instancias/20_3_100_1000.txt;1793;0.05;1996;0.05;1855.00;0.05
instancias/20_4_100_1000.txt;1504;0.05;1774;0.05;1608.00;0.05
instancias/20_5_100_1000.txt;1537;0.05;1723;0.06;1587.00;0.05
instancias/20_6_100_1000.txt;1379;0.05;1563;0.05;1452.00;0.05
instancias/20_7_100_1000.txt;1848;0.06;2120;0.05;1939.00;0.05
instancias/20_8_100_1000.txt;1018;0.05;1172;0.05;1049.00;0.05
instancias/20_9_100_1000.txt;1789;0.05;2121;0.06;1859.00;0.05
instancias/20_10_100_1000.txt;921;0.05;1127;0.05;972.00;0.05
instancias/25_1_100_1000.txt;1901;0.12;2159;0.11;2007.00;0.12
instancias/25_2_100_1000.txt;1207;0.11;1477;0.11;1294.00;0.11
instancias/25_3_100_1000.txt;1255;0.12;1544;0.11;1356.00;0.12
instancias/25_4_100_1000.txt;1987;0.12;2349;0.11;2119.00;0.12
instancias/25_5_100_1000.txt;1482;0.12;1853;0.12;1634.00;0.12
instancias/25_6_100_1000.txt;2319;0.11;2790;0.11;2489.00;0.12
instancias/25_7_100_1000.txt;2349;0.11;2824;0.11;2516.00;0.11
instancias/25_8_100_1000.txt;1845;0.11;2244;0.11;1998.00;0.11
instancias/25_9_100_1000.txt;1998;0.12;2354;0.12;2145.00;0.12
instancias/25_10_100_1000.txt;1687;0.11;1994;0.12;1768.00;0.12
instancias/30_1_100_1000.txt;2173;0.23;2846;0.22;2391.00;0.24
instancias/30_2_100_1000.txt;2542;0.22;2963;0.23;2703.00;0.24
instancias/30_3_100_1000.txt;1737;0.25;2213;0.25;1970.00;0.25
instancias/30_4_100_1000.txt;2179;0.27;2547;0.23;2350.00;0.24
instancias/30_5_100_1000.txt;2291;0.23;2653;0.25;2476.00;0.24
instancias/30_6_100_1000.txt;2466;0.23;2855;0.23;2641.00;0.24
instancias/30_7_100_1000.txt;3333;0.25;4169;0.22;3732.00;0.24
instancias/30_8_100_1000.txt;1887;0.25;2440;0.23;2095.00;0.24
instancias/30_9_100_1000.txt;2082;0.23;2622;0.22;2316.00;0.23
instancias/30_10_100_1000.txt;1834;0.23;2257;0.23;2014.00;0.24
instancias/35_1_100_1000.txt;2589;0.44;3210;0.45;2859.00;0.44
instancias/35_2_100_1000.txt;2329;0.45;2772;0.47;2534.00;0.44
instancias/35_3_100_1000.txt;2450;0.47;3003;0.45;2737.00;0.43
instancias/35_4_100_1000.txt;2439;0.44;3160;0.45;2773.00;0.44
instancias/35_5_100_1000.txt;2270;0.44;2729;0.42;2458.00;0.44
instancias/35_6_100_1000.txt;2010;0.44;2577;0.41;2262.00;0.44
instancias/35_7_100_1000.txt;2630;0.45;3180;0.44;2861.00;0.43
instancias/35_8_100_1000.txt;2271;0.47;2862;0.48;2544.00;0.46
instancias/35_9_100_1000.txt;2267;0.44;3141;0.48;2673.00;0.43
instancias/35_10_100_1000.txt;2502;0.45;3103;0.45;2781.00;0.43
instancias/40_1_100_1000.txt;3183;0.69;3965;0.75;3551.00;0.72
instancias/40_2_100_1000.txt;2627;0.69;3305;0.69;2998.00;0.72
instancias/40_3_100_1000.txt;2918;0.70;3585;0.70;3202.00;0.73
instancias/40_4_100_1000.txt;3263;0.75;4176;0.69;3755.00;0.73
instancias/40_5_100_1000.txt;2335;0.77;2995;0.70;2596.00;0.71
instancias/40_6_100_1000.txt;3991;0.75;4910;0.72;4392.00;0.73
instancias/40_7_100_1000.txt;2935;0.72;3515;0.73;3142.00;0.73
instancias/40_8_100_1000.txt;4355;0.73;5568;0.73;4930.00;0.75
instancias/40_9_100_1000.txt;3378;0.72;4256;0.72;3797.00;0.73
instancias/40_10_100_1000.txt;2818;0.72;3704;0.75;3282.00;0.74
instancias/45_1_100_1000.txt;3571;1.19;4597;1.17;4065.00;1.17
instancias/45_2_100_1000.txt;2722;1.14;3677;1.14;3208.00;1.13
instancias/45_3_100_1000.txt;3345;1.20;4066;1.02;3742.00;1.18
instancias/45_4_100_1000.txt;3025;1.23;3853;1.22;3452.00;1.16
instancias/45_5_100_1000.txt;3802;1.16;4798;1.11;4301.00;1.14
instancias/45_6_100_1000.txt;3069;1.05;3955;1.22;3513.00;1.17
instancias/45_7_100_1000.txt;3624;1.27;4599;1.08;4067.00;1.19
instancias/45_8_100_1000.txt;3414;1.17;4134;1.12;3801.00;1.14
instancias/45_9_100_1000.txt;3712;1.19;4408;1.17;4036.00;1.17
instancias/45_10_100_1000.txt;3756;1.11;4590;1.16;4155.00;1.14
instancias/50_1_100_1000.txt;3685;1.75;4555;1.81;4027.00;1.78
instancias/50_2_100_1000.txt;3785;1.83;4590;1.50;4180.00;1.72
instancias/50_3_100_1000.txt;4456;1.97;5673;1.72;4971.00;1.72
instancias/50_4_100_1000.txt;4136;1.72;5142;1.70;4660.00;1.73
instancias/50_5_100_1000.txt;4958;1.73;6019;1.74;5437.00;1.75
instancias/50_6_100_1000.txt;3916;1.69;4915;1.51;4333.00;1.72
instancias/50_7_100_1000.txt;4099;1.75;5144;1.75;4664.00;1.74
instancias/50_8_100_1000.txt;4258;2.03;5257;1.61;4742.00;1.77
instancias/50_9_100_1000.txt;3340;1.76;4209;1.67;3827.00;2.56
instancias/50_10_100_1000.txt;4023;1.64;5172;1.78;4600.00;1.75
instancias/55_1_100_1000.txt;4722;2.58;5819;2.92;5287.00;2.59
instancias/55_2_100_1000.txt;4587;2.53;5865;2.78;5244.00;2.58
instancias/55_3_100_1000.txt;4893;2.55;6080;2.53;5434.00;2.52
instancias/55_4_100_1000.txt;3727;2.38;4518;2.53;4138.00;2.57
instancias/55_5_100_1000.txt;4777;2.48;5860;2.31;5346.00;2.53
instancias/55_6_100_1000.txt;4298;2.50;5292;2.30;4736.00;2.56
instancias/55_7_100_1000.txt;4880;2.61;6002;2.80;5399.00;2.60
instancias/55_8_100_1000.txt;4388;2.34;5532;2.41;4975.00;2.55
instancias/55_9_100_1000.txt;4363;2.66;5368;2.66;4924.00;2.55
instancias/55_10_100_1000.txt;4300;2.33;5204;2.28;4749.00;2.48
instancias/60_1_100_1000.txt;5746;3.62;7316;3.62;6555.00;3.62
instancias/60_2_100_1000.txt;5722;3.84;6936;3.45;6301.00;3.66
instancias/60_3_100_1000.txt;4387;3.53;5410;3.73;5019.00;3.62
instancias/60_4_100_1000.txt;5512;3.44;7042;3.55;6340.00;3.60
instancias/60_5_100_1000.txt;5207;3.52;6690;3.20;5881.00;3.63
instancias/60_6_100_1000.txt;5022;3.62;6525;3.73;5853.00;3.64
instancias/60_7_100_1000.txt;5051;3.61;6284;3.47;5583.00;3.58
instancias/60_8_100_1000.txt;4646;3.23;5703;3.67;5119.00;3.57
instancias/60_9_100_1000.txt;5450;4.08;6685;3.36;5963.00;3.57
instancias/60_10_100_1000.txt;5575;3.14;6959;3.50;6026.00;3.52
