instancias/10_1_100_1000.txt;803;0.06;803;0.06;803.00;0.05
instancias/10_2_100_1000.txt;308;0.06;308;0.06;308.00;0.06
instancias/10_3_100_1000.txt;595;0.08;595;0.08;595.00;0.07
instancias/10_4_100_1000.txt;767;0.08;767;0.08;767.00;0.07
instancias/10_5_100_1000.txt;535;0.06;535;0.06;535.00;0.06
instancias/10_6_100_1000.txt;561;0.05;561;0.05;561.00;0.06
instancias/10_7_100_1000.txt;811;0.05;811;0.05;811.00;0.06
instancias/10_8_100_1000.txt;694;0.05;694;0.05;694.00;0.05
instancias/10_9_100_1000.txt;636;0.05;636;0.05;636.00;0.05
instancias/10_10_100_1000.txt;410;0.06;410;0.06;410.00;0.05
instancias/12_1_100_1000.txt;1116;0.09;1116;0.09;1116.00;0.10
instancias/12_2_100_1000.txt;1140;0.08;1140;0.08;1140.00;0.09
instancias/12_3_100_1000.txt;915;0.09;915;0.09;915.00;0.10
instancias/12_4_100_1000.txt;592;0.09;599;0.09;596.00;0.09
instancias/12_5_100_1000.txt;1178;0.09;1178;0.09;1178.00;0.09
instancias/12_6_100_1000.txt;1031;0.11;1031;0.11;1031.00;0.10
instancias/12_7_100_1000.txt;982;0.08;982;0.08;982.00;0.09
instancias/12_8_100_1000.txt;575;0.11;575;0.11;575.00;0.09
instancias/12_9_100_1000.txt;1032;0.12;1032;0.12;1032.00;0.09
instancias/12_10_100_1000.txt;899;0.11;899;0.11;899.00;0.10
instancias/15_1_100_1000.txt;1066;0.20;1155;0.19;1079.00;0.20
instancias/15_2_100_1000.txt;643;0.22;643;0.22;643.00;0.20
instancias/15_3_100_1000.txt;685;0.19;685;0.19;685.00;0.20
instancias/15_4_100_1000.txt;781;0.22;798;0.19;788.00;0.20
instancias/15_5_100_1000.txt;945;0.19;945;0.19;945.00;0.20
instancias/15_6_100_1000.txt;1121;0.22;1121;0.22;1121.00;0.20
instancias/15_7_100_1000.txt;944;0.19;944;0.19;944.00;0.21
instancias/15_8_100_1000.txt;1273;0.17;1273;0.17;1273.00;0.20
instancias/15_9_100_1000.txt;1032;0.25;1032;0.25;1032.00;0.24
instancias/15_10_100_1000.txt;1170;0.20;1170;0.20;1170.00;0.21
instancias/20_1_100_1000.txt;1345;0.59;1360;0.58;1351.00;0.52
instancias/20_2_100_1000.txt;1083;0.48;1172;0.53;1092.00;0.53
instancias/20_3_100_1000.txt;1793;0.59;1849;0.61;1809.00;0.55
instancias/20_4_100_1000.txt;1504;0.59;1562;0.67;1508.00;0.57
instancias/20_5_100_1000.txt;1537;0.50;1552;0.56;1546.00;0.55
instancias/20_6_100_1000.txt;1379;0.50;1400;0.52;1386.00;0.56
instancias/20_7_100_1000.txt;1848;0.52;1915;0.66;1858.00;0.54
instancias/20_8_100_1000.txt;1018;0.62;1048;0.48;1018.00;0.56
instancias/20_9_100_1000.txt;1789;0.48;1930;0.48;1791.00;0.50
instancias/20_10_100_1000.txt;921;0.50;921;0.50;921.00;0.51
instancias/25_1_100_1000.txt;1901;1.06;2001;1.14;1913.00;1.17
instancias/25_2_100_1000.txt;1207;1.22;1272;1.05;1211.00;1.10
instancias/25_3_100_1000.txt;1255;1.23;1287;1.23;1265.00;1.20
instancias/25_4_100_1000.txt;1987;1.25;2046;1.24;1989.00;1.21
instancias/25_5_100_1000.txt;1482;1.31;1517;1.23;1483.00;1.25
instancias/25_6_100_1000.txt;2295;1.22;2426;1.25;2354.00;1.20
instancias/25_7_100_1000.txt;2349;1.12;2443;1.23;2371.00;1.20
instancias/25_8_100_1000.txt;1845;1.17;1914;1.26;1872.00;1.21
instancias/25_9_100_1000.txt;1998;1.27;2099;1.12;2015.00;1.20
instancias/25_10_100_1000.txt;1687;1.17;1768;1.09;1695.00;1.13
instancias/30_1_100_1000.txt;2119;2.45;2203;2.31;2141.00;2.32
instancias/30_2_100_1000.txt;2516;2.27;2618;2.34;2549.00;2.27
instancias/30_3_100_1000.txt;1737;2.20;1918;2.42;1784.00;2.28
instancias/30_4_100_1000.txt;2098;2.38;2378;2.33;2151.00;2.36
instancias/30_5_100_1000.txt;2259;2.16;2441;2.25;2308.00;2.31
instancias/30_6_100_1000.txt;2414;2.41;2550;2.39;2454.00;2.49
instancias/30_7_100_1000.txt;3333;2.48;3580;2.25;3408.00;2.38
instancias/30_8_100_1000.txt;1847;2.11;1990;2.22;1890.00;2.25
instancias/30_9_100_1000.txt;2082;2.39;2189;2.17;2101.00;2.30
instancias/30_10_100_1000.txt;1817;2.16;2007;2.27;1848.00;2.27
instancias/35_1_100_1000.txt;2525;3.95;2710;4.20;2571.00;4.07
instancias/35_2_100_1000.txt;2287;3.83;2477;3.78;2319.00;3.93
instancias/35_3_100_1000.txt;2291;4.38;2553;4.38;2344.00;4.18
instancias/35_4_100_1000.txt;2401;4.16;2592;3.52;2461.00;3.79
instancias/35_5_100_1000.txt;2190;4.14;2347;4.47;2230.00;4.09
instancias/35_6_100_1000.txt;1994;4.09;2066;4.38;2011.00;4.32
instancias/35_7_100_1000.txt;2554;4.23;2747;3.84;2614.00;3.97
instancias/35_8_100_1000.txt;2168;4.44;2428;3.86;2232.00;4.02
instancias/35_9_100_1000.txt;2204;3.73;2401;4.11;2277.00;3.93
instancias/35_10_100_1000.txt;2439;4.00;2639;4.14;2493.00;4.15
instancias/40_1_100_1000.txt;3027;6.09;3305;6.62;3141.00;6.40
instancias/40_2_100_1000.txt;2467;5.49;2810;5.95;2634.00;6.23
instancias/40_3_100_1000.txt;2818;5.92;3074;6.47;2931.00;6.19
instancias/40_4_100_1000.txt;3168;6.16;3505;5.98;3283.00;6.28
instancias/40_5_100_1000.txt;2197;6.25;2374;6.55;2274.00;6.22
instancias/40_6_100_1000.txt;3745;5.91;4168;6.22;3914.00;6.39
instancias/40_7_100_1000.txt;2757;5.86;3037;5.94;2832.00;6.12
instancias/40_8_100_1000.txt;4225;7.50;4548;6.47;4360.00;6.40
instancias/40_9_100_1000.txt;3185;6.14;3535;6.91;3330.00;6.40
instancias/40_10_100_1000.txt;2685;6.02;3031;6.41;2817.00;6.34
instancias/45_1_100_1000.txt;3382;9.92;3731;9.55;3516.00;9.62
instancias/45_2_100_1000.txt;2608;9.83;2960;9.27;2750.00;9.43
instancias/45_3_100_1000.txt;3009;10.06;3458;9.41;3185.00;9.68
instancias/45_4_100_1000.txt;2885;9.91;3250;8.95;3016.00;9.79
instancias/45_5_100_1000.txt;3538;9.45;4048;8.69;3727.00;9.67
instancias/45_6_100_1000.txt;2841;10.17;3262;9.61;2992.00;9.88
instancias/45_7_100_1000.txt;3406;10.02;3722;10.23;3578.00;10.11
instancias/45_8_100_1000.txt;3155;10.66;3436;10.00;3273.00;10.08
instancias/45_9_100_1000.txt;3509;9.20;3862;10.14;3644.00;9.46
instancias/45_10_100_1000.txt;3543;9.86;3884;10.38;3641.00;9.83
instancias/50_1_100_1000.txt;3183;14.34;3677;15.06;3384.00;14.75
instancias/50_2_100_1000.txt;3525;14.89;3953;14.48;3672.00;14.10
instancias/50_3_100_1000.txt;3978;14.31;4472;14.56;4184.00;14.34
instancias/50_4_100_1000.txt;3828;13.86;4197;14.42;3996.00;14.34
instancias/50_5_100_1000.txt;4508;15.78;4982;14.08;4734.00;14.50
instancias/50_6_100_1000.txt;3460;14.09;3923;15.42;3651.00;14.49
instancias/50_7_100_1000.txt;3658;14.30;4213;15.64;3929.00;14.48
instancias/50_8_100_1000.txt;3818;15.33;4245;14.34;3999.00;14.97
instancias/50_9_100_1000.txt;3074;13.56;3482;13.88;3254.00;14.26
instancias/50_10_100_1000.txt;3718;13.08;4249;13.95;3939.00;14.12
instancias/55_1_100_1000.txt;4327;19.83;4801;20.80;4534.00;20.28
instancias/55_2_100_1000.txt;4260;20.06;4811;20.78;4517.00;19.84
instancias/55_3_100_1000.txt;4271;19.81;4919;18.70;4575.00;19.71
instancias/55_4_100_1000.txt;3446;19.03;3779;19.91;3598.00;20.49
instancias/55_5_100_1000.txt;4278;20.03;4886;19.27;4547.00;20.14
instancias/55_6_100_1000.txt;3879;20.20;4350;19.62;4059.00;20.44
instancias/55_7_100_1000.txt;4320;20.22;4927;21.06;4570.00;20.96
instancias/55_8_100_1000.txt;3894;18.89;4469;19.27;4159.00;19.82
instancias/55_9_100_1000.txt;3926;19.77;4344;20.72;4119.00;20.51
instancias/55_10_100_1000.txt;3769;19.80;4253;20.61;4009.00;20.54
instancias/60_1_100_1000.txt;4892;28.78;5746;28.23;5315.00;27.86
instancias/60_2_100_1000.txt;5053;28.06;5777;29.20;5351.00;27.61
instancias/60_3_100_1000.txt;3937;27.23;4458;28.06;4204.00;27.39
