instancias/60_1_100_1000.txt;5003;14.56;5767;15.16;5363.00;15.15
instancias/60_2_100_1000.txt;5011;14.81;5789;15.88;5342.00;15.08
instancias/60_3_100_1000.txt;3926;14.88;4530;14.73;4203.00;14.77
instancias/60_4_100_1000.txt;4846;14.73;5909;14.53;5245.00;14.91
instancias/60_5_100_1000.txt;4645;15.89;5245;14.95;4919.00;15.23
instancias/60_6_100_1000.txt;4693;14.86;5271;14.86;4918.00;15.21
instancias/60_7_100_1000.txt;4323;15.31;4975;14.97;4607.00;14.76
instancias/60_8_100_1000.txt;3913;14.92;4418;15.09;4180.00;15.04
instancias/60_9_100_1000.txt;4817;16.19;5328;15.66;5052.00;15.33
instancias/60_10_100_1000.txt;4766;15.53;5388;15.44;5028.00;14.99
instancias/55_1_100_1000.txt;4281;11.38;4813;11.39;4509.00;11.02
instancias/55_2_100_1000.txt;4241;11.06;4892;10.95;4511.00;10.80
instancias/55_3_100_1000.txt;4287;10.19;4912;10.39;4566.00;10.74
instancias/55_4_100_1000.txt;3482;11.20;3761;10.61;3608.00;11.07
instancias/55_5_100_1000.txt;4265;10.55;4756;10.75;4515.00;10.84
instancias/55_6_100_1000.txt;3856;12.39;4299;10.67;4053.00;11.09
instancias/55_7_100_1000.txt;4337;10.97;4880;11.05;4580.00;11.22
instancias/55_8_100_1000.txt;3845;10.66;4459;10.75;4154.00;10.82
instancias/55_9_100_1000.txt;3913;11.86;4319;10.53;4107.00;11.13
instancias/55_10_100_1000.txt;3774;11.09;4251;11.67;3985.00;11.19
instancias/50_1_100_1000.txt;3177;8.19;3698;7.48;3361.00;7.83
instancias/50_2_100_1000.txt;3501;8.23;3896;7.09;3682.00;7.57
instancias/50_3_100_1000.txt;4029;8.12;4553;8.00;4223.00;7.76
instancias/50_4_100_1000.txt;3835;7.75;4241;7.81;4018.00;7.73
instancias/50_5_100_1000.txt;4518;8.09;5028;8.09;4723.00;7.85
instancias/50_6_100_1000.txt;3460;7.80;3892;7.38;3655.00;7.77
instancias/50_7_100_1000.txt;3671;7.58;4172;7.39;3944.00;7.68
instancias/50_8_100_1000.txt;3852;8.27;4317;7.83;4023.00;8.04
instancias/50_9_100_1000.txt;3061;7.88;3435;7.84;3227.00;7.75
instancias/50_10_100_1000.txt;3724;7.52;4249;7.51;3895.00;7.52
instancias/45_1_100_1000.txt;3382;5.02;3729;5.39;3506.00;5.20
instancias/45_2_100_1000.txt;2612;5.25;2979;5.11;2732.00;5.06
instancias/45_3_100_1000.txt;3009;5.19;3493;5.25;3155.00;5.27
instancias/45_4_100_1000.txt;2889;5.00;3169;5.09;3000.00;5.25
instancias/45_5_100_1000.txt;3535;5.12;3919;5.62;3697.00;5.17
instancias/45_6_100_1000.txt;2841;5.33;3250;5.52;2987.00;5.43
instancias/45_7_100_1000.txt;3414;5.24;3748;5.41;3569.00;5.41
instancias/45_8_100_1000.txt;3155;5.42;3502;5.44;3280.00;5.44
instancias/45_9_100_1000.txt;3484;4.95;3829;5.11;3637.00;5.18
instancias/45_10_100_1000.txt;3522;5.34;3830;5.38;3645.00;5.34
instancias/40_1_100_1000.txt;3027;3.31;3338;3.45;3145.00;3.48
instancias/40_2_100_1000.txt;2467;3.28;2779;3.30;2633.00;3.41
instancias/40_3_100_1000.txt;2809;3.61;3082;3.33;2929.00;3.36
instancias/40_4_100_1000.txt;3168;3.55;3545;3.28;3292.00;3.40
instancias/40_5_100_1000.txt;2197;3.33;2386;3.44;2274.00;3.37
instancias/40_6_100_1000.txt;3745;3.34;4228;3.69;3913.00;3.49
instancias/40_7_100_1000.txt;2767;3.38;3043;3.55;2830.00;3.34
instancias/40_8_100_1000.txt;4225;3.55;4598;3.55;4363.00;3.54
instancias/40_9_100_1000.txt;3185;3.22;3501;3.59;3314.00;3.46
instancias/40_10_100_1000.txt;2685;3.33;3005;3.39;2826.00;3.46
instancias/35_1_100_1000.txt;2525;2.12;2695;2.19;2576.00;2.07
instancias/35_2_100_1000.txt;2287;2.17;2467;2.03;2320.00;2.00
instancias/35_3_100_1000.txt;2291;2.16;2543;2.22;2334.00;2.12
instancias/35_4_100_1000.txt;2401;1.91;2620;2.02;2456.00;1.99
instancias/35_5_100_1000.txt;2190;2.14;2318;2.03;2223.00;2.09
instancias/35_6_100_1000.txt;1994;2.25;2071;2.12;2011.00;2.21
instancias/35_7_100_1000.txt;2554;2.12;2761;2.08;2613.00;2.04
instancias/35_8_100_1000.txt;2168;2.16;2446;2.09;2239.00;2.09
instancias/35_9_100_1000.txt;2204;1.95;2439;2.09;2276.00;2.03
instancias/35_10_100_1000.txt;2435;2.28;2635;2.14;2493.00;2.14
instancias/30_1_100_1000.txt;2119;1.22;2203;1.17;2138.00;1.21
instancias/30_2_100_1000.txt;2516;1.17;2611;1.23;2551.00;1.17
instancias/30_3_100_1000.txt;1737;1.14;1950;1.19;1780.00;1.17
instancias/30_4_100_1000.txt;2098;1.20;2264;1.19;2160.00;1.20
instancias/30_5_100_1000.txt;2259;1.14;2403;1.30;2307.00;1.17
instancias/30_6_100_1000.txt;2414;1.28;2554;1.27;2450.00;1.28
instancias/30_7_100_1000.txt;3333;1.20;3620;1.25;3422.00;1.19
instancias/30_8_100_1000.txt;1847;1.16;1987;1.08;1892.00;1.15
instancias/30_9_100_1000.txt;2082;1.19;2192;1.19;2110.00;1.19
instancias/30_10_100_1000.txt;1817;1.16;1936;1.12;1845.00;1.15
instancias/25_1_100_1000.txt;1901;0.59;1993;0.59;1914.00;0.59
instancias/25_2_100_1000.txt;1207;0.56;1272;0.59;1210.00;0.56
instancias/25_3_100_1000.txt;1255;0.61;1287;0.66;1264.00;0.61
instancias/25_4_100_1000.txt;1987;0.58;2046;0.61;1989.00;0.62
instancias/25_5_100_1000.txt;1482;0.62;1482;0.62;1482.00;0.64
instancias/25_6_100_1000.txt;2295;0.61;2431;0.66;2355.00;0.63
instancias/25_7_100_1000.txt;2349;0.61;2468;0.70;2366.00;0.62
instancias/25_8_100_1000.txt;1845;0.59;2018;0.62;1882.00;0.61
instancias/25_9_100_1000.txt;1998;0.64;2055;0.64;2015.00;0.61
instancias/25_10_100_1000.txt;1687;0.58;1768;0.59;1698.00;0.58
instancias/20_1_100_1000.txt;1345;0.25;1372;0.27;1350.00;0.27
instancias/20_2_100_1000.txt;1083;0.27;1192;0.27;1092.00;0.26
instancias/20_3_100_1000.txt;1793;0.28;1849;0.30;1808.00;0.28
instancias/20_4_100_1000.txt;1504;0.30;1562;0.30;1505.00;0.29
instancias/20_5_100_1000.txt;1537;0.27;1552;0.30;1547.00;0.28
instancias/20_6_100_1000.txt;1379;0.30;1400;0.28;1388.00;0.28
instancias/20_7_100_1000.txt;1848;0.28;1883;0.27;1856.00;0.28
instancias/20_8_100_1000.txt;1018;0.28;1048;0.25;1019.00;0.28
instancias/20_9_100_1000.txt;1789;0.25;1944;0.25;1792.00;0.25
instancias/20_10_100_1000.txt;921;0.27;921;0.27;921.00;0.26
instancias/15_1_100_1000.txt;1066;0.11;1155;0.11;1076.00;0.10
instancias/15_2_100_1000.txt;643;0.09;643;0.09;643.00;0.10
instancias/15_3_100_1000.txt;685;0.09;685;0.09;685.00;0.10
instancias/15_4_100_1000.txt;781;0.11;794;0.11;787.00;0.10
instancias/15_5_100_1000.txt;945;0.11;945;0.11;945.00;0.10
instancias/15_6_100_1000.txt;1121;0.11;1121;0.11;1121.00;0.10
instancias/15_7_100_1000.txt;944;0.11;944;0.11;944.00;0.11
instancias/15_8_100_1000.txt;1273;0.09;1273;0.09;1273.00;0.10
instancias/15_9_100_1000.txt;1032;0.12;1032;0.12;1032.00;0.12
instancias/15_10_100_1000.txt;1170;0.11;1170;0.11;1170.00;0.10
instancias/12_1_100_1000.txt;1116;0.05;1116;0.05;1116.00;0.05
instancias/12_2_100_1000.txt;1140;0.05;1140;0.05;1140.00;0.05
instancias/12_3_100_1000.txt;915;0.05;915;0.05;915.00;0.05
instancias/12_4_100_1000.txt;592;0.05;599;0.05;597.00;0.05
instancias/12_5_100_1000.txt;1178;0.05;1178;0.05;1178.00;0.05
instancias/12_6_100_1000.txt;1031;0.05;1031;0.05;1031.00;0.05
instancias/12_7_100_1000.txt;982;0.05;982;0.05;982.00;0.04
instancias/12_8_100_1000.txt;575;0.05;575;0.05;575.00;0.05
instancias/12_9_100_1000.txt;1032;0.05;1032;0.05;1032.00;0.05
instancias/12_10_100_1000.txt;899;0.05;899;0.05;899.00;0.05
instancias/10_1_100_1000.txt;803;0.02;803;0.02;803.00;0.02
instancias/10_2_100_1000.txt;308;0.03;308;0.03;308.00;0.02
instancias/10_3_100_1000.txt;595;0.03;595;0.03;595.00;0.03
instancias/10_4_100_1000.txt;767;0.02;767;0.02;767.00;0.03
instancias/10_5_100_1000.txt;535;0.03;535;0.03;535.00;0.03
instancias/10_6_100_1000.txt;561;0.02;561;0.02;561.00;0.03
instancias/10_7_100_1000.txt;811;0.02;811;0.02;811.00;0.03
instancias/10_8_100_1000.txt;694;0.02;694;0.02;694.00;0.03
instancias/10_9_100_1000.txt;636;0.01;636;0.01;636.00;0.03
instancias/10_10_100_1000.txt;410;0.03;410;0.03;410.00;0.03
