instancias/60_1_100_1000.txt;4892;15.83;5746;15.77;5315.00;15.26
instancias/60_2_100_1000.txt;5053;15.38;5777;16.02;5351.00;15.12
instancias/60_3_100_1000.txt;3937;15.05;4458;15.50;4204.00;14.97
instancias/60_4_100_1000.txt;4915;14.98;5631;15.84;5241.00;15.18
instancias/60_5_100_1000.txt;4601;15.64;5439;14.56;4938.00;15.34
instancias/60_6_100_1000.txt;4672;16.17;5226;14.95;4935.00;15.30
instancias/60_7_100_1000.txt;4357;15.42;4956;14.53;4638.00;14.78
instancias/60_8_100_1000.txt;4001;15.09;4541;15.19;4214.00;15.18
instancias/60_9_100_1000.txt;4740;15.92;5379;15.31;5081.00;15.38
instancias/60_10_100_1000.txt;4762;14.52;5354;15.06;5038.00;14.98
instancias/55_1_100_1000.txt;4327;11.02;4801;11.39;4534.00;11.11
instancias/55_2_100_1000.txt;4260;11.05;4811;11.36;4517.00;10.84
instancias/55_3_100_1000.txt;4271;10.94;4919;10.34;4575.00;10.77
instancias/55_4_100_1000.txt;3446;10.50;3779;11.16;3598.00;11.12
instancias/55_5_100_1000.txt;4278;10.98;4886;10.53;4547.00;10.90
instancias/55_6_100_1000.txt;3879;10.70;4350;11.02;4059.00;11.11
instancias/55_7_100_1000.txt;4320;10.91;4927;11.11;4570.00;11.35
instancias/55_8_100_1000.txt;3894;10.53;4469;10.56;4159.00;10.82
instancias/55_9_100_1000.txt;3926;11.08;4344;11.52;4119.00;11.19
instancias/55_10_100_1000.txt;3769;10.84;4253;11.28;4009.00;11.20
instancias/50_1_100_1000.txt;3183;8.11;3677;8.16;3384.00;7.95
instancias/50_2_100_1000.txt;3525;8.05;3953;7.69;3672.00;7.62
instancias/50_3_100_1000.txt;3978;7.78;4472;7.64;4184.00;7.77
instancias/50_4_100_1000.txt;3828;7.69;4197;7.80;3996.00;7.74
instancias/50_5_100_1000.txt;4508;8.41;4982;7.62;4734.00;7.86
instancias/50_6_100_1000.txt;3460;7.67;3923;8.52;3651.00;7.84
instancias/50_7_100_1000.txt;3658;7.88;4213;8.16;3929.00;7.76
instancias/50_8_100_1000.txt;3818;8.50;4245;7.84;3999.00;8.09
instancias/50_9_100_1000.txt;3074;7.48;3482;7.80;3254.00;7.73
instancias/50_10_100_1000.txt;3718;7.16;4249;7.47;3939.00;7.63
instancias/45_1_100_1000.txt;3382;5.24;3731;5.22;3516.00;5.24
instancias/45_2_100_1000.txt;2608;5.16;2960;5.02;2750.00;5.09
instancias/45_3_100_1000.txt;3009;5.34;3458;5.14;3185.00;5.25
instancias/45_4_100_1000.txt;2885;5.36;3250;4.99;3016.00;5.31
instancias/45_5_100_1000.txt;3538;5.31;4048;4.73;3727.00;5.20
instancias/45_6_100_1000.txt;2841;5.47;3262;5.50;2992.00;5.40
instancias/45_7_100_1000.txt;3406;5.52;3722;5.33;3578.00;5.50
instancias/45_8_100_1000.txt;3155;5.55;3436;5.58;3273.00;5.48
instancias/45_9_100_1000.txt;3509;4.94;3862;5.41;3644.00;5.17
instancias/45_10_100_1000.txt;3543;5.55;3884;5.75;3641.00;5.41
instancias/40_1_100_1000.txt;3027;3.47;3305;3.58;3141.00;3.51
instancias/40_2_100_1000.txt;2467;3.11;2810;3.23;2634.00;3.43
instancias/40_3_100_1000.txt;2818;3.36;3074;3.50;2931.00;3.40
instancias/40_4_100_1000.txt;3168;3.47;3505;3.36;3283.00;3.44
instancias/40_5_100_1000.txt;2197;3.42;2374;3.42;2274.00;3.42
instancias/40_6_100_1000.txt;3745;3.33;4168;3.42;3914.00;3.53
instancias/40_7_100_1000.txt;2757;3.34;3037;3.38;2832.00;3.37
instancias/40_8_100_1000.txt;4225;3.86;4548;3.66;4360.00;3.59
instancias/40_9_100_1000.txt;3185;3.39;3535;3.86;3330.00;3.57
instancias/40_10_100_1000.txt;2685;3.52;3031;3.48;2817.00;3.50
instancias/35_1_100_1000.txt;2525;2.03;2710;2.12;2571.00;2.08
instancias/35_2_100_1000.txt;2287;2.09;2477;2.02;2319.00;2.03
instancias/35_3_100_1000.txt;2291;2.23;2553;2.28;2344.00;2.12
instancias/35_4_100_1000.txt;2401;1.94;2592;1.95;2461.00;1.97
instancias/35_5_100_1000.txt;2190;2.03;2347;2.28;2230.00;2.08
instancias/35_6_100_1000.txt;1994;2.16;2066;2.09;2011.00;2.21
instancias/35_7_100_1000.txt;2554;2.11;2747;2.03;2614.00;2.03
instancias/35_8_100_1000.txt;2168;2.23;2428;2.03;2232.00;2.08
instancias/35_9_100_1000.txt;2204;1.97;2401;2.05;2277.00;2.03
instancias/35_10_100_1000.txt;2439;2.16;2639;2.11;2493.00;2.13
instancias/30_1_100_1000.txt;2119;1.26;2203;1.17;2141.00;1.20
instancias/30_2_100_1000.txt;2516;1.14;2618;1.17;2549.00;1.17
instancias/30_3_100_1000.txt;1737;1.12;1918;1.14;1784.00;1.16
instancias/30_4_100_1000.txt;2098;1.16;2378;1.23;2151.00;1.20
instancias/30_5_100_1000.txt;2259;1.11;2441;1.14;2308.00;1.18
instancias/30_6_100_1000.txt;2414;1.28;2550;1.28;2454.00;1.28
instancias/30_7_100_1000.txt;3333;1.24;3580;1.17;3408.00;1.20
instancias/30_8_100_1000.txt;1847;1.09;1990;1.16;1890.00;1.15
instancias/30_9_100_1000.txt;2082;1.24;2189;1.16;2101.00;1.19
instancias/30_10_100_1000.txt;1817;1.12;2007;1.17;1848.00;1.15
instancias/25_1_100_1000.txt;1901;0.58;2001;0.59;1913.00;0.59
instancias/25_2_100_1000.txt;1207;0.55;1272;0.58;1211.00;0.56
instancias/25_3_100_1000.txt;1255;0.66;1287;0.62;1265.00;0.61
instancias/25_4_100_1000.txt;1987;0.64;2046;0.61;1989.00;0.62
instancias/25_5_100_1000.txt;1482;0.64;1517;0.64;1483.00;0.64
instancias/25_6_100_1000.txt;2295;0.62;2426;0.67;2354.00;0.62
instancias/25_7_100_1000.txt;2349;0.62;2443;0.64;2371.00;0.62
instancias/25_8_100_1000.txt;1845;0.61;1914;0.62;1872.00;0.61
instancias/25_9_100_1000.txt;1998;0.66;2099;0.61;2015.00;0.61
instancias/25_10_100_1000.txt;1687;0.55;1768;0.59;1695.00;0.58
instancias/20_1_100_1000.txt;1345;0.27;1360;0.28;1351.00;0.27
instancias/20_2_100_1000.txt;1083;0.27;1172;0.28;1092.00;0.27
instancias/20_3_100_1000.txt;1793;0.28;1849;0.30;1809.00;0.28
instancias/20_4_100_1000.txt;1504;0.30;1562;0.30;1508.00;0.29
instancias/20_5_100_1000.txt;1537;0.27;1552;0.28;1546.00;0.28
instancias/20_6_100_1000.txt;1379;0.27;1400;0.28;1386.00;0.28
instancias/20_7_100_1000.txt;1848;0.28;1915;0.30;1858.00;0.28
instancias/20_8_100_1000.txt;1018;0.28;1048;0.25;1018.00;0.28
instancias/20_9_100_1000.txt;1789;0.25;1930;0.25;1791.00;0.25
instancias/20_10_100_1000.txt;921;0.27;921;0.27;921.00;0.26
instancias/15_1_100_1000.txt;1066;0.11;1155;0.11;1079.00;0.10
instancias/15_2_100_1000.txt;643;0.09;643;0.09;643.00;0.10
instancias/15_3_100_1000.txt;685;0.11;685;0.11;685.00;0.10
instancias/15_4_100_1000.txt;781;0.11;798;0.11;788.00;0.10
instancias/15_5_100_1000.txt;945;0.11;945;0.11;945.00;0.10
instancias/15_6_100_1000.txt;1121;0.09;1121;0.09;1121.00;0.10
instancias/15_7_100_1000.txt;944;0.11;944;0.11;944.00;0.11
instancias/15_8_100_1000.txt;1273;0.11;1273;0.11;1273.00;0.10
instancias/15_9_100_1000.txt;1032;0.12;1032;0.12;1032.00;0.12
instancias/15_10_100_1000.txt;1170;0.09;1170;0.09;1170.00;0.10
instancias/12_1_100_1000.txt;1116;0.06;1116;0.06;1116.00;0.05
instancias/12_2_100_1000.txt;1140;0.03;1140;0.03;1140.00;0.04
instancias/12_3_100_1000.txt;915;0.06;915;0.06;915.00;0.05
instancias/12_4_100_1000.txt;592;0.05;599;0.05;596.00;0.05
instancias/12_5_100_1000.txt;1178;0.05;1178;0.05;1178.00;0.05
instancias/12_6_100_1000.txt;1031;0.05;1031;0.05;1031.00;0.05
instancias/12_7_100_1000.txt;982;0.03;982;0.03;982.00;0.05
instancias/12_8_100_1000.txt;575;0.05;575;0.05;575.00;0.05
instancias/12_9_100_1000.txt;1032;0.05;1032;0.05;1032.00;0.05
instancias/12_10_100_1000.txt;899;0.05;899;0.05;899.00;0.05
instancias/10_1_100_1000.txt;803;0.03;803;0.03;803.00;0.02
instancias/10_2_100_1000.txt;308;0.03;308;0.03;308.00;0.02
instancias/10_3_100_1000.txt;595;0.01;595;0.01;595.00;0.03
instancias/10_4_100_1000.txt;767;0.02;767;0.02;767.00;0.03
instancias/10_5_100_1000.txt;535;0.03;535;0.03;535.00;0.03
instancias/10_6_100_1000.txt;561;0.03;561;0.03;561.00;0.03
instancias/10_7_100_1000.txt;811;0.03;811;0.03;811.00;0.03
instancias/10_8_100_1000.txt;694;0.02;694;0.02;694.00;0.03
instancias/10_9_100_1000.txt;636;0.01;636;0.01;636.00;0.03
instancias/10_10_100_1000.txt;410;0.02;410;0.02;410.00;0.03
