instancias/10_1_100_1000.txt;803;0.05;874;0.05;829.00;0.06
instancias/10_2_100_1000.txt;308;0.05;327;0.05;316.00;0.07
instancias/10_3_100_1000.txt;595;0.06;651;0.06;600.00;0.06
instancias/10_4_100_1000.txt;767;0.05;767;0.05;767.00;0.06
instancias/10_5_100_1000.txt;535;0.05;565;0.06;540.00;0.05
instancias/10_6_100_1000.txt;561;0.06;628;0.05;570.00;0.06
instancias/10_7_100_1000.txt;811;0.08;857;0.06;825.00;0.06
instancias/10_8_100_1000.txt;694;0.03;723;0.05;699.00;0.05
instancias/10_9_100_1000.txt;636;0.06;750;0.05;675.00;0.05
instancias/10_10_100_1000.txt;410;0.05;410;0.05;410.00;0.05
instancias/12_1_100_1000.txt;1116;0.08;1300;0.11;1122.00;0.09
instancias/12_2_100_1000.txt;1140;0.08;1282;0.09;1225.00;0.09
instancias/12_3_100_1000.txt;915;0.06;1031;0.08;971.00;0.08
instancias/12_4_100_1000.txt;592;0.09;611;0.09;599.00;0.09
instancias/12_5_100_1000.txt;1178;0.08;1265;0.09;1194.00;0.08
instancias/12_6_100_1000.txt;1031;0.09;1169;0.09;1069.00;0.08
instancias/12_7_100_1000.txt;982;0.06;1113;0.09;1052.00;0.08
instancias/12_8_100_1000.txt;575;0.08;663;0.11;606.00;0.09
instancias/12_9_100_1000.txt;1032;0.09;1190;0.09;1070.00;0.10
instancias/12_10_100_1000.txt;899;0.06;899;0.06;899.00;0.08
instancias/15_1_100_1000.txt;1066;0.17;1274;0.17;1148.00;0.17
instancias/15_2_100_1000.txt;643;0.17;742;0.17;660.00;0.19
instancias/15_3_100_1000.txt;685;0.14;807;0.17;732.00;0.16
instancias/15_4_100_1000.txt;781;0.19;848;0.14;800.00;0.15
instancias/15_5_100_1000.txt;945;0.16;1244;0.17;1044.00;0.16
instancias/15_6_100_1000.txt;1121;0.17;1277;0.17;1165.00;0.17
instancias/15_7_100_1000.txt;944;0.17;1231;0.19;1013.00;0.17
instancias/15_8_100_1000.txt;1273;0.16;1419;0.16;1321.00;0.16
instancias/15_9_100_1000.txt;1032;0.23;1218;0.20;1090.00;0.17
instancias/15_10_100_1000.txt;1170;0.16;1351;0.17;1207.00;0.17
instancias/20_1_100_1000.txt;1345;0.41;1573;0.50;1428.00;0.43
instancias/20_2_100_1000.txt;1083;0.31;1294;0.34;1187.00;0.37
instancias/20_3_100_1000.txt;1793;0.45;1991;0.45;1872.00;0.44
instancias/20_4_100_1000.txt;1504;0.39;1719;0.41;1580.00;0.39
instancias/20_5_100_1000.txt;1537;0.41;1714;0.41;1603.00;0.39
instancias/20_6_100_1000.txt;1379;0.39;1600;0.44;1466.00;0.42
instancias/20_7_100_1000.txt;1848;0.41;2065;0.42;1951.00;0.44
instancias/20_8_100_1000.txt;1018;0.44;1229;0.45;1084.00;0.39
instancias/20_9_100_1000.txt;1789;0.42;2134;0.44;1881.00;0.39
instancias/20_10_100_1000.txt;921;0.41;1205;0.45;1035.00;0.39
instancias/25_1_100_1000.txt;1917;0.88;2213;1.01;2035.00;0.89
instancias/25_2_100_1000.txt;1207;0.69;1526;0.81;1304.00;0.71
instancias/25_3_100_1000.txt;1262;0.72;1537;0.72;1366.00;0.79
instancias/25_4_100_1000.txt;1987;0.86;2299;0.89;2114.00;0.88
instancias/25_5_100_1000.txt;1482;0.84;1730;0.81;1595.00;0.83
instancias/25_6_100_1000.txt;2332;0.80;2688;0.94;2494.00;0.83
instancias/25_7_100_1000.txt;2366;0.73;2682;0.78;2512.00;0.79
instancias/25_8_100_1000.txt;1845;0.78;2175;0.89;2019.00;0.80
instancias/25_9_100_1000.txt;1998;0.75;2388;0.97;2135.00;0.87
instancias/25_10_100_1000.txt;1687;0.72;1948;0.83;1790.00;0.79
instancias/30_1_100_1000.txt;2154;1.56;2702;1.59;2346.00;1.49
instancias/30_2_100_1000.txt;2557;1.44;2847;1.61;2678.00;1.49
instancias/30_3_100_1000.txt;1757;1.50;2091;1.53;1925.00;1.51
instancias/30_4_100_1000.txt;2170;1.23;2480;1.42;2328.00;1.47
instancias/30_5_100_1000.txt;2315;1.31;2611;1.42;2465.00;1.41
instancias/30_6_100_1000.txt;2445;1.51;2793;1.80;2619.00;1.57
instancias/30_7_100_1000.txt;3391;1.67;3973;1.61;3672.00;1.57
instancias/30_8_100_1000.txt;1887;1.24;2316;1.74;2011.00;1.43
instancias/30_9_100_1000.txt;2121;1.31;2520;1.52;2280.00;1.41
instancias/30_10_100_1000.txt;1835;1.19;2217;1.66;1988.00;1.42
instancias/35_1_100_1000.txt;2525;2.45;3142;2.69;2800.00;2.48
instancias/35_2_100_1000.txt;2310;2.53;2714;2.88;2487.00;2.52
instancias/35_3_100_1000.txt;2337;2.39;2893;2.55;2601.00;2.42
instancias/35_4_100_1000.txt;2497;2.16;2962;2.30;2712.00;2.34
instancias/35_5_100_1000.txt;2260;2.11;2680;2.55;2417.00;2.34
instancias/35_6_100_1000.txt;2054;2.03;2452;2.02;2210.00;2.12
instancias/35_7_100_1000.txt;2597;1.94;3036;2.12;2782.00;2.03
instancias/35_8_100_1000.txt;2188;2.22;2758;2.12;2469.00;2.14
instancias/35_9_100_1000.txt;2262;1.92;2867;1.99;2502.00;2.00
instancias/35_10_100_1000.txt;2518;2.03;2936;2.33;2688.00;2.07
instancias/40_1_100_1000.txt;3128;3.03;3782;3.09;3423.00;3.12
instancias/40_2_100_1000.txt;2576;3.03;3054;3.33;2840.00;3.19
instancias/40_3_100_1000.txt;2838;2.78;3327;2.92;3098.00;2.98
instancias/40_4_100_1000.txt;3302;3.08;3941;3.36;3601.00;3.09
instancias/40_5_100_1000.txt;2275;2.86;2713;3.16;2494.00;3.10
instancias/40_6_100_1000.txt;3891;3.16;4573;3.42;4214.00;3.21
instancias/40_7_100_1000.txt;2791;2.75;3285;2.94;3043.00;3.00
instancias/40_8_100_1000.txt;4307;3.22;5016;3.42;4695.00;3.24
instancias/40_9_100_1000.txt;3295;3.03;3901;3.22;3608.00;3.24
instancias/40_10_100_1000.txt;2805;2.88;3420;3.44;3115.00;3.24
instancias/45_1_100_1000.txt;3551;4.66;4280;5.12;3861.00;4.69
instancias/45_2_100_1000.txt;2751;4.44;3481;4.41;3003.00;4.31
instancias/45_3_100_1000.txt;3246;5.00;3980;5.05;3536.00;4.60
instancias/45_4_100_1000.txt;2950;4.69;3577;4.51;3264.00;4.63
instancias/45_5_100_1000.txt;3688;4.02;4459;4.45;4041.00;4.34
instancias/45_6_100_1000.txt;3017;4.64;3741;4.38;3279.00;4.66
instancias/45_7_100_1000.txt;3550;4.58;4248;5.05;3845.00;4.72
instancias/45_8_100_1000.txt;3294;4.20;3975;4.61;3604.00;4.40
instancias/45_9_100_1000.txt;3633;4.22;4311;4.66;3907.00;4.55
instancias/45_10_100_1000.txt;3736;4.53;4245;4.20;3984.00;4.44
instancias/50_1_100_1000.txt;3296;6.66;4042;7.05;3693.00;6.68
instancias/50_2_100_1000.txt;3683;5.89;4311;6.30;3966.00;6.16
instancias/50_3_100_1000.txt;4086;6.47;5124;6.30;4605.00;6.38
instancias/50_4_100_1000.txt;3999;6.59;4789;6.36;4372.00;6.49
instancias/50_5_100_1000.txt;4774;6.16;5483;6.81;5104.00;6.49
instancias/50_6_100_1000.txt;3593;6.30;4464;6.20;3975.00;6.37
instancias/50_7_100_1000.txt;3954;5.81;4738;6.92;4279.00;6.45
instancias/50_8_100_1000.txt;4033;6.94;4873;7.39;4398.00;6.91
instancias/50_9_100_1000.txt;3183;6.11;3854;7.08;3552.00;6.71
instancias/50_10_100_1000.txt;3862;6.88;4815;6.61;4332.00;6.41
instancias/55_1_100_1000.txt;4528;8.72;5257;9.17;4878.00;8.86
instancias/55_2_100_1000.txt;4416;8.55;5232;8.94;4874.00;8.56
instancias/55_3_100_1000.txt;4526;8.39;5360;8.39;4965.00;8.74
instancias/55_4_100_1000.txt;3588;8.86;4266;8.11;3887.00;8.37
instancias/55_5_100_1000.txt;4607;8.00;5360;8.80;4945.00;8.50
instancias/55_6_100_1000.txt;4125;7.99;4769;9.56;4397.00;8.52
instancias/55_7_100_1000.txt;4513;8.83;5298;9.06;4896.00;9.02
instancias/55_8_100_1000.txt;4198;8.62;4955;9.11;4600.00;8.48
instancias/55_9_100_1000.txt;4147;8.28;5062;9.09;4525.00;8.90
instancias/55_10_100_1000.txt;3976;8.19;4692;8.84;4324.00;8.58
instancias/60_1_100_1000.txt;5364;10.36;6668;11.39;5994.00;11.15
instancias/60_2_100_1000.txt;5373;10.94;6336;11.69;5821.00;11.22
instancias/60_3_100_1000.txt;4248;11.17;5112;11.00;4638.00;10.96
instancias/60_4_100_1000.txt;5185;10.27;6340;10.73;5746.00;10.80
instancias/60_5_100_1000.txt;4929;11.11;5805;12.06;5362.00;11.58
instancias/60_6_100_1000.txt;4985;11.09;5873;12.23;5385.00;11.33
instancias/60_7_100_1000.txt;4707;10.52;5737;11.20;5169.00;11.22
instancias/60_8_100_1000.txt;4266;11.06;4988;11.62;4645.00;11.43
instancias/60_9_100_1000.txt;5104;10.81;5864;11.92;5448.00;11.18
instancias/60_10_100_1000.txt;4921;10.77;6075;11.06;5561.00;10.81
