instancias/10_1_100_1000.txt;803;0.06;836;0.06;823.00;0.06
instancias/10_2_100_1000.txt;308;0.08;327;0.08;316.00;0.08
instancias/10_3_100_1000.txt;595;0.08;651;0.08;601.00;0.07
instancias/10_4_100_1000.txt;767;0.09;767;0.09;767.00;0.09
instancias/10_5_100_1000.txt;535;0.08;535;0.08;535.00;0.08
instancias/10_6_100_1000.txt;561;0.08;561;0.08;561.00;0.07
instancias/10_7_100_1000.txt;811;0.06;857;0.06;830.00;0.07
instancias/10_8_100_1000.txt;694;0.08;723;0.09;698.00;0.07
instancias/10_9_100_1000.txt;636;0.08;673;0.08;637.00;0.07
instancias/10_10_100_1000.txt;410;0.09;410;0.09;410.00;0.08
instancias/12_1_100_1000.txt;1116;0.11;1143;0.14;1124.00;0.14
instancias/12_2_100_1000.txt;1140;0.14;1140;0.14;1140.00;0.13
instancias/12_3_100_1000.txt;915;0.14;961;0.14;922.00;0.13
instancias/12_4_100_1000.txt;592;0.11;599;0.11;597.00;0.13
instancias/12_5_100_1000.txt;1178;0.14;1265;0.12;1190.00;0.12
instancias/12_6_100_1000.txt;1031;0.12;1142;0.11;1058.00;0.12
instancias/12_7_100_1000.txt;982;0.09;1036;0.14;1020.00;0.12
instancias/12_8_100_1000.txt;575;0.12;646;0.12;601.00;0.14
instancias/12_9_100_1000.txt;1032;0.16;1158;0.17;1056.00;0.13
instancias/12_10_100_1000.txt;899;0.12;899;0.12;899.00;0.11
instancias/15_1_100_1000.txt;1066;0.23;1214;0.27;1122.00;0.25
instancias/15_2_100_1000.txt;643;0.34;723;0.23;644.00;0.28
instancias/15_3_100_1000.txt;685;0.22;740;0.27;700.00;0.24
instancias/15_4_100_1000.txt;781;0.25;847;0.27;795.00;0.25
instancias/15_5_100_1000.txt;945;0.22;1123;0.30;1011.00;0.26
instancias/15_6_100_1000.txt;1121;0.25;1171;0.28;1136.00;0.27
instancias/15_7_100_1000.txt;944;0.27;1038;0.33;989.00;0.25
instancias/15_8_100_1000.txt;1273;0.27;1363;0.30;1302.00;0.29
instancias/15_9_100_1000.txt;1032;0.28;1155;0.27;1040.00;0.25
instancias/15_10_100_1000.txt;1170;0.27;1282;0.23;1188.00;0.25
instancias/20_1_100_1000.txt;1345;0.58;1541;0.64;1394.00;0.63
instancias/20_2_100_1000.txt;1083;0.52;1259;0.50;1150.00;0.56
instancias/20_3_100_1000.txt;1793;0.64;1981;0.70;1846.00;0.66
instancias/20_4_100_1000.txt;1504;0.62;1665;0.72;1562.00;0.64
instancias/20_5_100_1000.txt;1537;0.67;1732;0.61;1573.00;0.62
instancias/20_6_100_1000.txt;1379;0.59;1524;0.64;1439.00;0.60
instancias/20_7_100_1000.txt;1848;0.61;2076;0.81;1910.00;0.67
instancias/20_8_100_1000.txt;1018;0.72;1130;0.55;1060.00;0.58
instancias/20_9_100_1000.txt;1789;0.56;1930;0.66;1838.00;0.61
instancias/20_10_100_1000.txt;921;0.67;1097;0.70;972.00;0.59
instancias/25_1_100_1000.txt;1901;1.14;2142;1.49;1988.00;1.26
instancias/25_2_100_1000.txt;1207;0.95;1358;1.20;1247.00;1.15
instancias/25_3_100_1000.txt;1255;1.23;1415;1.36;1304.00;1.21
instancias/25_4_100_1000.txt;1987;1.12;2256;1.36;2067.00;1.31
instancias/25_5_100_1000.txt;1482;1.34;1697;1.30;1528.00;1.28
instancias/25_6_100_1000.txt;2295;1.26;2631;1.25;2436.00;1.23
instancias/25_7_100_1000.txt;2349;1.09;2601;1.23;2450.00;1.20
instancias/25_8_100_1000.txt;1845;1.28;2061;1.42;1944.00;1.22
instancias/25_9_100_1000.txt;1998;1.24;2257;1.28;2069.00;1.25
instancias/25_10_100_1000.txt;1687;0.98;1903;1.14;1729.00;1.12
instancias/30_1_100_1000.txt;2119;2.09;2445;2.17;2240.00;2.21
instancias/30_2_100_1000.txt;2528;2.08;2770;2.30;2623.00;2.19
instancias/30_3_100_1000.txt;1737;2.31;2020;2.50;1879.00;2.24
instancias/30_4_100_1000.txt;2112;1.95;2419;2.27;2251.00;2.21
instancias/30_5_100_1000.txt;2259;2.05;2531;2.16;2393.00;2.05
instancias/30_6_100_1000.txt;2414;2.19;2684;2.25;2542.00;2.36
instancias/30_7_100_1000.txt;3333;2.27;3799;2.44;3564.00;2.21
instancias/30_8_100_1000.txt;1847;2.05;2124;2.38;1940.00;2.15
instancias/30_9_100_1000.txt;2082;2.28;2341;2.45;2182.00;2.16
instancias/30_10_100_1000.txt;1817;2.28;2081;2.19;1928.00;2.17
instancias/35_1_100_1000.txt;2525;3.97;2960;4.23;2684.00;3.74
instancias/35_2_100_1000.txt;2299;3.61;2612;3.58;2400.00;3.70
instancias/35_3_100_1000.txt;2301;3.59;2781;4.17;2501.00;3.70
instancias/35_4_100_1000.txt;2401;3.30;2778;3.52;2566.00;3.63
instancias/35_5_100_1000.txt;2206;3.36;2497;3.88;2328.00;3.63
instancias/35_6_100_1000.txt;2006;3.31;2284;3.69;2115.00;3.73
instancias/35_7_100_1000.txt;2558;3.39;2927;3.39;2692.00;3.64
instancias/35_8_100_1000.txt;2186;3.88;2563;3.89;2335.00;3.79
instancias/35_9_100_1000.txt;2237;3.73;2601;3.64;2366.00;3.65
instancias/35_10_100_1000.txt;2435;3.66;2719;3.64;2574.00;3.79
instancias/40_1_100_1000.txt;3071;5.80;3468;5.81;3263.00;5.62
instancias/40_2_100_1000.txt;2544;5.00;2963;5.66;2752.00;5.60
instancias/40_3_100_1000.txt;2833;4.72;3191;5.25;3024.00;5.32
instancias/40_4_100_1000.txt;3169;5.17;3726;5.33;3457.00;5.28
instancias/40_5_100_1000.txt;2197;5.50;2566;5.84;2377.00;5.49
instancias/40_6_100_1000.txt;3845;5.83;4352;6.11;4069.00;5.66
instancias/40_7_100_1000.txt;2757;4.76;3117;5.95;2923.00;5.23
instancias/40_8_100_1000.txt;4261;5.38;4795;5.03;4522.00;5.66
instancias/40_9_100_1000.txt;3185;5.06;3760;5.74;3458.00;5.67
instancias/40_10_100_1000.txt;2763;5.62;3290;5.97;2993.00;5.85
instancias/45_1_100_1000.txt;3433;8.33;3983;9.47;3678.00;8.33
instancias/45_2_100_1000.txt;2667;8.20;3173;8.30;2874.00;7.88
instancias/45_3_100_1000.txt;3037;8.08;3598;7.97;3351.00;7.85
instancias/45_4_100_1000.txt;2905;8.34;3387;9.03;3117.00;8.28
instancias/45_5_100_1000.txt;3574;7.19;4218;8.17;3881.00;7.87
instancias/45_6_100_1000.txt;2874;8.58;3412;8.14;3105.00;8.25
instancias/45_7_100_1000.txt;3450;7.50;3990;8.06;3682.00;8.23
instancias/45_8_100_1000.txt;3238;7.75;3841;8.75;3448.00;7.96
instancias/45_9_100_1000.txt;3584;7.30;4116;8.89;3775.00;7.82
instancias/45_10_100_1000.txt;3577;6.91;4068;7.45;3785.00;7.81
instancias/50_1_100_1000.txt;3192;11.08;3916;11.73;3485.00;11.37
instancias/50_2_100_1000.txt;3554;9.83;4146;10.84;3826.00;10.55
instancias/50_3_100_1000.txt;4118;9.94;4887;11.23;4421.00;10.69
instancias/50_4_100_1000.txt;3911;10.98;4535;11.33;4159.00;11.03
instancias/50_5_100_1000.txt;4594;10.88;5261;11.45;4900.00;11.05
instancias/50_6_100_1000.txt;3496;11.53;4122;11.28;3802.00;11.19
instancias/50_7_100_1000.txt;3804;10.22;4543;10.41;4090.00;10.95
instancias/50_8_100_1000.txt;3936;11.00;4505;11.97;4177.00;11.70
instancias/50_9_100_1000.txt;3113;11.42;3605;11.58;3369.00;11.52
instancias/50_10_100_1000.txt;3830;11.30;4399;11.00;4107.00;10.93
instancias/55_1_100_1000.txt;4436;14.45;5139;15.33;4706.00;15.05
instancias/55_2_100_1000.txt;4344;14.00;5035;15.19;4666.00;14.28
instancias/55_3_100_1000.txt;4304;13.61;5052;14.38;4725.00;14.29
instancias/55_4_100_1000.txt;3502;13.66;3960;14.44;3729.00;14.15
instancias/55_5_100_1000.txt;4416;13.59;5055;13.95;4732.00;14.32
instancias/55_6_100_1000.txt;3878;13.88;4482;14.81;4175.00;14.61
instancias/55_7_100_1000.txt;4506;14.69;5114;16.25;4763.00;15.34
instancias/55_8_100_1000.txt;3916;13.61;4778;14.44;4364.00;14.45
instancias/55_9_100_1000.txt;3940;14.48;4740;15.36;4288.00;15.22
instancias/55_10_100_1000.txt;3862;15.17;4392;15.12;4116.00;14.67
instancias/60_1_100_1000.txt;5149;18.03;6063;19.59;5589.00;18.84
instancias/60_2_100_1000.txt;5146;18.53;6016;19.19;5518.00;18.58
instancias/60_3_100_1000.txt;4059;17.41;4626;19.30;4367.00;18.31
instancias/60_4_100_1000.txt;4917;17.23;6034;17.45;5445.00;18.10
