instancias/10_1_100_1000.txt;803;0.05;803;0.05;803.00;0.04
instancias/10_2_100_1000.txt;308;0.03;308;0.03;308.00;0.04
instancias/10_3_100_1000.txt;595;0.03;595;0.03;595.00;0.05
instancias/10_4_100_1000.txt;767;0.05;767;0.05;767.00;0.04
instancias/10_5_100_1000.txt;535;0.03;535;0.03;535.00;0.04
instancias/10_6_100_1000.txt;561;0.03;561;0.03;561.00;0.04
instancias/10_7_100_1000.txt;811;0.03;811;0.03;811.00;0.04
instancias/10_8_100_1000.txt;694;0.03;694;0.03;694.00;0.03
instancias/10_9_100_1000.txt;636;0.05;636;0.05;636.00;0.04
instancias/10_10_100_1000.txt;410;0.03;410;0.03;410.00;0.04
instancias/12_1_100_1000.txt;1116;0.06;1116;0.06;1116.00;0.07
instancias/12_2_100_1000.txt;1140;0.09;1140;0.09;1140.00;0.06
instancias/12_3_100_1000.txt;915;0.06;915;0.06;915.00;0.07
instancias/12_4_100_1000.txt;592;0.06;599;0.06;597.00;0.07
instancias/12_5_100_1000.txt;1178;0.06;1178;0.06;1178.00;0.07
instancias/12_6_100_1000.txt;1031;0.08;1031;0.08;1031.00;0.07
instancias/12_7_100_1000.txt;982;0.06;982;0.06;982.00;0.06
instancias/12_8_100_1000.txt;575;0.05;575;0.05;575.00;0.07
instancias/12_9_100_1000.txt;1032;0.06;1032;0.06;1032.00;0.06
instancias/12_10_100_1000.txt;899;0.06;899;0.06;899.00;0.06
instancias/15_1_100_1000.txt;1066;0.12;1155;0.16;1076.00;0.15
instancias/15_2_100_1000.txt;643;0.14;643;0.14;643.00;0.16
instancias/15_3_100_1000.txt;685;0.14;685;0.14;685.00;0.14
instancias/15_4_100_1000.txt;781;0.16;794;0.16;787.00;0.16
instancias/15_5_100_1000.txt;945;0.12;945;0.12;945.00;0.14
instancias/15_6_100_1000.txt;1121;0.17;1121;0.17;1121.00;0.15
instancias/15_7_100_1000.txt;944;0.16;944;0.16;944.00;0.16
instancias/15_8_100_1000.txt;1273;0.16;1273;0.16;1273.00;0.15
instancias/15_9_100_1000.txt;1032;0.16;1032;0.16;1032.00;0.17
instancias/15_10_100_1000.txt;1170;0.17;1170;0.17;1170.00;0.16
instancias/20_1_100_1000.txt;1345;0.38;1372;0.45;1350.00;0.37
instancias/20_2_100_1000.txt;1083;0.36;1192;0.39;1092.00;0.39
instancias/20_3_100_1000.txt;1793;0.42;1849;0.44;1808.00;0.39
instancias/20_4_100_1000.txt;1504;0.41;1562;0.42;1505.00;0.42
instancias/20_5_100_1000.txt;1537;0.39;1552;0.44;1547.00;0.41
instancias/20_6_100_1000.txt;1379;0.45;1400;0.39;1388.00;0.40
instancias/20_7_100_1000.txt;1848;0.41;1883;0.38;1856.00;0.40
instancias/20_8_100_1000.txt;1018;0.34;1048;0.34;1019.00;0.40
instancias/20_9_100_1000.txt;1789;0.38;1944;0.34;1792.00;0.36
instancias/20_10_100_1000.txt;921;0.36;921;0.36;921.00;0.36
instancias/25_1_100_1000.txt;1901;0.91;1993;0.84;1914.00;0.83
instancias/25_2_100_1000.txt;1207;0.77;1272;0.81;1210.00;0.80
instancias/25_3_100_1000.txt;1255;0.84;1287;0.88;1264.00;0.86
instancias/25_4_100_1000.txt;1987;0.86;2046;1.00;1989.00;0.91
instancias/25_5_100_1000.txt;1482;0.84;1482;0.84;1482.00;0.93
instancias/25_6_100_1000.txt;2295;0.98;2431;0.97;2355.00;0.87
instancias/25_7_100_1000.txt;2349;0.83;2468;0.92;2366.00;0.90
instancias/25_8_100_1000.txt;1845;0.80;2018;1.09;1882.00;0.88
instancias/25_9_100_1000.txt;1998;0.83;2055;0.81;2015.00;0.86
instancias/25_10_100_1000.txt;1687;0.72;1768;0.78;1698.00;0.80
instancias/30_1_100_1000.txt;2119;1.72;2203;1.72;2138.00;1.74
instancias/30_2_100_1000.txt;2516;1.61;2611;1.67;2551.00;1.69
instancias/30_3_100_1000.txt;1737;1.55;1950;1.72;1780.00;1.68
instancias/30_4_100_1000.txt;2098;1.81;2264;1.66;2160.00;1.73
instancias/30_5_100_1000.txt;2259;1.66;2403;1.80;2307.00;1.70
instancias/30_6_100_1000.txt;2414;1.86;2554;1.97;2450.00;1.83
instancias/30_7_100_1000.txt;3333;1.77;3620;1.88;3422.00;1.71
instancias/30_8_100_1000.txt;1847;1.66;1987;1.39;1892.00;1.61
instancias/30_9_100_1000.txt;2082;1.67;2192;1.77;2110.00;1.68
instancias/30_10_100_1000.txt;1817;1.72;1936;1.67;1845.00;1.67
instancias/35_1_100_1000.txt;2525;3.27;2695;2.94;2576.00;2.96
instancias/35_2_100_1000.txt;2287;2.95;2467;2.92;2320.00;2.87
instancias/35_3_100_1000.txt;2291;3.02;2543;3.19;2334.00;3.08
instancias/35_4_100_1000.txt;2401;2.56;2620;2.88;2456.00;2.84
instancias/35_5_100_1000.txt;2190;3.02;2318;2.81;2223.00;3.04
instancias/35_6_100_1000.txt;1994;3.09;2071;2.94;2011.00;3.30
instancias/35_7_100_1000.txt;2554;3.39;2761;3.05;2613.00;3.03
instancias/35_8_100_1000.txt;2168;3.19;2446;2.91;2239.00;3.13
instancias/35_9_100_1000.txt;2204;2.67;2439;3.41;2276.00;3.07
instancias/35_10_100_1000.txt;2435;3.25;2635;3.48;2493.00;3.12
instancias/40_1_100_1000.txt;3027;5.00;3338;5.11;3145.00;5.10
instancias/40_2_100_1000.txt;2467;4.36;2779;4.66;2633.00;4.94
instancias/40_3_100_1000.txt;2809;5.33;3082;4.75;2929.00;4.86
instancias/40_4_100_1000.txt;3168;4.80;3545;4.84;3292.00;4.82
instancias/40_5_100_1000.txt;2197;4.69;2386;4.84;2274.00;4.74
instancias/40_6_100_1000.txt;3745;4.53;4228;5.08;3913.00;4.91
instancias/40_7_100_1000.txt;2767;4.75;3043;5.45;2830.00;4.71
instancias/40_8_100_1000.txt;4225;4.88;4598;4.98;4363.00;4.93
instancias/40_9_100_1000.txt;3185;4.56;3501;5.11;3314.00;4.90
instancias/40_10_100_1000.txt;2685;4.77;3005;4.88;2826.00;4.91
instancias/45_1_100_1000.txt;3382;7.06;3729;7.47;3506.00;7.41
instancias/45_2_100_1000.txt;2612;7.70;2979;7.26;2732.00;7.26
instancias/45_3_100_1000.txt;3009;7.11;3493;7.42;3155.00;7.53
instancias/45_4_100_1000.txt;2889;7.53;3169;7.25;3000.00;7.45
instancias/45_5_100_1000.txt;3535;7.39;3919;7.98;3697.00;7.28
instancias/45_6_100_1000.txt;2841;7.14;3250;7.14;2987.00;7.66
instancias/45_7_100_1000.txt;3414;7.72;3748;7.56;3569.00;7.64
instancias/45_8_100_1000.txt;3155;7.58;3502;7.44;3280.00;7.78
instancias/45_9_100_1000.txt;3484;6.75;3829;7.22;3637.00;7.36
instancias/45_10_100_1000.txt;3522;7.61;3830;7.16;3645.00;7.44
instancias/50_1_100_1000.txt;3177;13.03;3698;12.23;3361.00;11.66
instancias/50_2_100_1000.txt;3501;11.53;3896;9.95;3682.00;10.70
instancias/50_3_100_1000.txt;4029;11.83;4553;11.77;4223.00;11.05
instancias/50_4_100_1000.txt;3835;10.78;4241;11.19;4018.00;11.04
instancias/50_5_100_1000.txt;4518;11.83;5028;11.61;4723.00;11.19
instancias/50_6_100_1000.txt;3460;11.11;3892;11.14;3655.00;11.14
instancias/50_7_100_1000.txt;3671;11.03;4172;10.78;3944.00;11.01
instancias/50_8_100_1000.txt;3852;11.88;4317;11.67;4023.00;11.43
instancias/50_9_100_1000.txt;3061;11.14;3435;11.03;3227.00;11.09
instancias/50_10_100_1000.txt;3724;11.09;4249;10.59;3895.00;10.75
instancias/55_1_100_1000.txt;4281;16.11;4813;16.25;4509.00;15.61
instancias/55_2_100_1000.txt;4241;15.83;4892;16.61;4511.00;15.58
instancias/55_3_100_1000.txt;4287;14.03;4912;14.72;4566.00;15.37
instancias/55_4_100_1000.txt;3482;16.19;3761;14.64;3608.00;15.95
instancias/55_5_100_1000.txt;4265;14.69;4756;15.09;4515.00;15.42
instancias/55_6_100_1000.txt;3856;17.61;4299;15.41;4053.00;15.98
instancias/55_7_100_1000.txt;4337;15.77;4880;16.12;4580.00;16.19
instancias/55_8_100_1000.txt;3845;15.44;4459;15.64;4154.00;15.35
instancias/55_9_100_1000.txt;3913;17.25;4319;15.25;4107.00;15.94
instancias/55_10_100_1000.txt;3774;15.12;4251;16.11;3985.00;15.96
instancias/60_1_100_1000.txt;5003;20.84;5767;21.50;5363.00;21.55
instancias/60_2_100_1000.txt;5011;20.23;5789;21.73;5342.00;21.40
instancias/60_3_100_1000.txt;3926;21.25;4530;21.09;4203.00;20.89
instancias/60_4_100_1000.txt;4846;20.36;5909;20.08;5245.00;21.17
instancias/60_5_100_1000.txt;4645;23.00;5245;22.47;4919.00;21.95
instancias/60_6_100_1000.txt;4693;20.80;5271;21.16;4918.00;21.97
instancias/60_7_100_1000.txt;4323;21.81;4975;21.08;4607.00;21.25
instancias/60_8_100_1000.txt;3913;20.55;4418;21.75;4180.00;21.46
instancias/60_9_100_1000.txt;4817;23.33;5328;22.31;5052.00;21.96
instancias/60_10_100_1000.txt;4766;22.73;5388;23.02;5028.00;21.71
