instancias/10_1_100_1000.txt;803;0.01;803;0.01;803.00;0.00
instancias/10_2_100_1000.txt;308;0.01;308;0.01;308.00;0.00
instancias/10_3_100_1000.txt;595;0.00;595;0.00;595.00;0.00
instancias/10_4_100_1000.txt;767;0.00;767;0.00;767.00;0.00
instancias/10_5_100_1000.txt;535;0.00;543;0.00;537.00;0.00
instancias/10_6_100_1000.txt;561;0.00;561;0.00;561.00;0.00
instancias/10_7_100_1000.txt;811;0.00;940;0.00;821.00;0.00
instancias/10_8_100_1000.txt;694;0.00;694;0.00;694.00;0.00
instancias/10_9_100_1000.txt;636;0.00;673;0.00;638.00;0.00
instancias/10_10_100_1000.txt;410;0.00;410;0.00;410.00;0.00
instancias/12_1_100_1000.txt;1116;0.00;1221;0.02;1117.00;0.01
instancias/12_2_100_1000.txt;1140;0.00;1140;0.00;1140.00;0.01
instancias/12_3_100_1000.txt;915;0.00;985;0.02;934.00;0.01
instancias/12_4_100_1000.txt;592;0.00;614;0.00;595.00;0.01
instancias/12_5_100_1000.txt;1178;0.02;1197;0.00;1191.00;0.01
instancias/12_6_100_1000.txt;1031;0.00;1117;0.00;1037.00;0.01
instancias/12_7_100_1000.txt;982;0.00;1071;0.02;983.00;0.01
instancias/12_8_100_1000.txt;575;0.00;646;0.02;577.00;0.01
instancias/12_9_100_1000.txt;1032;0.00;1032;0.00;1032.00;0.01
instancias/12_10_100_1000.txt;899;0.02;899;0.02;899.00;0.01
instancias/15_1_100_1000.txt;1066;0.02;1166;0.02;1098.00;0.02
instancias/15_2_100_1000.txt;643;0.01;742;0.01;648.00;0.02
instancias/15_3_100_1000.txt;685;0.02;760;0.02;704.00;0.02
instancias/15_4_100_1000.txt;781;0.02;794;0.01;786.00;0.02
instancias/15_5_100_1000.txt;945;0.02;1123;0.01;975.00;0.02
instancias/15_6_100_1000.txt;1121;0.02;1183;0.01;1132.00;0.02
instancias/15_7_100_1000.txt;944;0.01;1038;0.02;966.00;0.02
instancias/15_8_100_1000.txt;1273;0.02;1414;0.02;1309.00;0.02
instancias/15_9_100_1000.txt;1032;0.02;1163;0.02;1074.00;0.02
instancias/15_10_100_1000.txt;1170;0.02;1282;0.01;1171.00;0.02
instancias/20_1_100_1000.txt;1345;0.05;1535;0.06;1390.00;0.05
instancias/20_2_100_1000.txt;1083;0.05;1301;0.05;1157.00;0.05
instancias/20_3_100_1000.txt;1796;0.05;2021;0.05;1855.00;0.05
instancias/20_4_100_1000.txt;1504;0.05;1757;0.05;1589.00;0.05
instancias/20_5_100_1000.txt;1537;0.05;1682;0.14;1571.00;0.06
instancias/20_6_100_1000.txt;1379;0.05;1608;0.05;1459.00;0.05
instancias/20_7_100_1000.txt;1848;0.06;2043;0.05;1939.00;0.05
instancias/20_8_100_1000.txt;1018;0.05;1219;0.05;1058.00;0.05
instancias/20_9_100_1000.txt;1789;0.05;2133;0.06;1852.00;0.05
instancias/20_10_100_1000.txt;921;0.05;1106;0.05;964.00;0.05
instancias/25_1_100_1000.txt;1901;0.12;2172;0.11;2015.00;0.12
instancias/25_2_100_1000.txt;1207;0.11;1538;0.11;1313.00;0.11
instancias/25_3_100_1000.txt;1255;0.11;1616;0.11;1366.00;0.12
instancias/25_4_100_1000.txt;1987;0.11;2292;0.12;2098.00;0.12
instancias/25_5_100_1000.txt;1482;0.12;1755;0.11;1583.00;0.12
instancias/25_6_100_1000.txt;2318;0.11;2811;0.11;2490.00;0.11
instancias/25_7_100_1000.txt;2353;0.11;2726;0.11;2482.00;0.11
instancias/25_8_100_1000.txt;1871;0.12;2127;0.12;1992.00;0.11
instancias/25_9_100_1000.txt;1998;0.12;2356;0.11;2112.00;0.12
instancias/25_10_100_1000.txt;1687;0.12;1917;0.12;1770.00;0.12
instancias/30_1_100_1000.txt;2119;0.23;2670;0.22;2399.00;0.24
instancias/30_2_100_1000.txt;2564;0.23;2861;0.25;2698.00;0.24
instancias/30_3_100_1000.txt;1746;0.25;2127;0.22;1948.00;0.25
instancias/30_4_100_1000.txt;2190;0.22;2598;0.22;2353.00;0.24
instancias/30_5_100_1000.txt;2300;0.23;2635;0.22;2461.00;0.24
instancias/30_6_100_1000.txt;2428;0.22;2918;0.25;2623.00;0.24
instancias/30_7_100_1000.txt;3413;0.23;3963;0.23;3708.00;0.24
instancias/30_8_100_1000.txt;1889;0.23;2287;0.23;2046.00;0.24
instancias/30_9_100_1000.txt;2082;0.23;2574;0.25;2276.00;0.24
instancias/30_10_100_1000.txt;1817;0.23;2309;0.25;1990.00;0.24
instancias/35_1_100_1000.txt;2570;0.47;3126;0.42;2838.00;0.45
instancias/35_2_100_1000.txt;2313;0.44;2769;0.42;2544.00;0.44
instancias/35_3_100_1000.txt;2410;0.42;3021;0.44;2693.00;0.44
instancias/35_4_100_1000.txt;2401;0.42;3065;0.45;2765.00;0.43
instancias/35_5_100_1000.txt;2279;0.42;2695;0.45;2474.00;0.44
instancias/35_6_100_1000.txt;2025;0.47;2614;0.41;2259.00;0.44
instancias/35_7_100_1000.txt;2595;0.41;3126;0.42;2838.00;0.43
instancias/35_8_100_1000.txt;2229;0.45;2807;0.44;2555.00;0.45
instancias/35_9_100_1000.txt;2323;0.42;3162;0.41;2717.00;0.43
instancias/35_10_100_1000.txt;2509;0.41;3133;0.44;2802.00;0.43
instancias/40_1_100_1000.txt;3147;0.69;4039;0.72;3567.00;0.73
instancias/40_2_100_1000.txt;2690;0.73;3366;0.72;2962.00;0.71
instancias/40_3_100_1000.txt;2972;0.72;3524;0.73;3231.00;0.74
instancias/40_4_100_1000.txt;3236;0.77;4184;0.70;3748.00;0.72
instancias/40_5_100_1000.txt;2313;0.66;2950;0.70;2604.00;0.71
instancias/40_6_100_1000.txt;4004;0.73;4927;0.73;4388.00;0.73
instancias/40_7_100_1000.txt;2840;0.80;3458;0.73;3142.00;0.73
instancias/40_8_100_1000.txt;4468;0.83;5190;0.75;4831.00;0.74
instancias/40_9_100_1000.txt;3307;0.70;4160;0.70;3728.00;0.71
instancias/40_10_100_1000.txt;2876;0.77;3637;0.77;3261.00;0.74
instancias/45_1_100_1000.txt;3615;1.16;4556;1.20;4068.00;1.16
instancias/45_2_100_1000.txt;2792;1.16;3657;1.09;3187.00;1.13
instancias/45_3_100_1000.txt;3195;1.22;4163;1.19;3761.00;1.18
instancias/45_4_100_1000.txt;3047;1.20;3727;1.17;3397.00;1.15
instancias/45_5_100_1000.txt;3738;1.14;4892;1.09;4255.00;1.14
instancias/45_6_100_1000.txt;3064;1.16;3799;1.24;3459.00;1.17
instancias/45_7_100_1000.txt;3675;1.16;4458;1.11;3997.00;1.18
instancias/45_8_100_1000.txt;3434;1.12;4223;1.16;3803.00;1.14
instancias/45_9_100_1000.txt;3657;1.19;4505;0.97;4075.00;1.17
instancias/45_10_100_1000.txt;3777;1.19;4527;1.14;4181.00;1.15
instancias/50_1_100_1000.txt;3556;1.76;4513;1.76;4052.00;1.76
instancias/50_2_100_1000.txt;3854;1.67;4560;1.84;4200.00;1.71
instancias/50_3_100_1000.txt;4336;1.72;5318;1.67;4860.00;1.73
instancias/50_4_100_1000.txt;4265;1.84;5097;1.77;4639.00;1.74
instancias/50_5_100_1000.txt;4902;1.80;5851;1.77;5380.00;1.76
instancias/50_6_100_1000.txt;3818;1.70;4719;1.56;4298.00;1.71
instancias/50_7_100_1000.txt;4072;1.69;4975;1.95;4524.00;1.71
instancias/50_8_100_1000.txt;4167;1.80;5374;1.67;4781.00;1.77
instancias/50_9_100_1000.txt;3332;1.84;4303;2.02;3815.00;1.73
instancias/50_10_100_1000.txt;4009;1.76;5027;1.66;4587.00;1.74
instancias/55_1_100_1000.txt;4719;2.56;5786;2.64;5273.00;2.54
instancias/55_2_100_1000.txt;4606;2.62;5696;2.53;5225.00;2.59
instancias/55_3_100_1000.txt;4910;2.59;5949;2.30;5378.00;2.52
instancias/55_4_100_1000.txt;3713;2.61;4531;2.64;4186.00;2.51
instancias/55_5_100_1000.txt;4861;2.58;5970;2.45;5357.00;2.52
instancias/55_6_100_1000.txt;4178;2.62;5277;2.39;4766.00;2.56
instancias/55_7_100_1000.txt;4714;2.36;5668;2.73;5162.00;2.54
instancias/55_8_100_1000.txt;4587;2.62;5592;2.47;4983.00;2.56
instancias/55_9_100_1000.txt;4459;2.42;5316;2.55;4928.00;2.51
instancias/55_10_100_1000.txt;4223;2.42;5146;2.52;4577.00;2.49
instancias/60_1_100_1000.txt;5933;3.61;7549;3.41;6559.00;3.62
instancias/60_2_100_1000.txt;5724;3.80;6949;3.47;6354.00;3.64
instancias/60_3_100_1000.txt;4494;3.84;5569;3.69;5035.00;3.62
instancias/60_4_100_1000.txt;5579;3.64;6813;3.56;6281.00;3.55
instancias/60_5_100_1000.txt;5334;3.75;6541;3.73;5922.00;3.67
instancias/60_6_100_1000.txt;5284;3.67;6414;3.70;5843.00;3.64
instancias/60_7_100_1000.txt;4833;3.75;6113;3.53;5622.00;3.61
instancias/60_8_100_1000.txt;4478;3.39;5413;3.45;5012.00;3.52
instancias/60_9_100_1000.txt;5508;3.83;6557;3.72;5916.00;3.64
instancias/60_10_100_1000.txt;5306;3.42;6649;3.61;6025.00;3.53
